normal 20
329656161.16523933
329656161.16523933
329656161.16523933
329656161.16523933
329656161.16523933
330036984.76666576
330036984.76666576
339851146.26807815
339851146.26807815
350827911.5790396
350827911.5790396
501320002.4710059
501320002.4710059
501322281.0274564
501322281.0274564
503500524.52241117
503500524.52241117
503500524.52241117
503500524.52241117
503500524.52241117
dpll 20
324376853.81498677
332037105.8936969
332037105.8936969
415687540.05132467
415687540.05132467
426883219.9561548
426883219.9561548
426883219.9561548
515822155.00173575
532871570.74376255
533698598.65461653
533698598.65461653
533698598.65461653
560478144.6015741
560478144.6015741
560478144.6015741
560478144.6015741
561190265.378273
561341468.4772892
561341468.4772892
