normal 9
18484.76641226773 19054.28005897186
26252.004337400846 17351.097448697932
27530.9297337824 14861.495084748427
28334.63175251255 14848.457515939475
28509.400260651488 14331.444946030699
29318.514378228047 14298.296525146647
39029.9264719595 14258.48687448317
39837.316589536065 13073.44263187163
40315.17317952777 12952.689167053082
dpll 11
8109.170714601628 34921.478143798515
8305.841057554886 34762.895628810555
8979.766938054783 34182.40888395311
9512.931144447715 33575.418924229765
10485.800881665298 27877.073614330202
20674.777420210015 18745.76609957092
21210.681626602953 17974.11388820544
21427.29239666096 16182.437915635144
21824.753091340834 16082.161285902908
30114.140492187165 14022.459477069751
41383.8704618313 13945.66986496461
