normal 20
0.010000000009895302
0.010000000009895302
0.010000000009895302
0.010000000009895302
0.010000000009895302
0.010000000009895302
0.010000000009895302
0.010000000009895302
0.010000000009895302
0.010000000009895302
0.010000000009895302
0.010000000009895302
0.010000000009895302
0.010000000009895302
0.010000000009895302
0.010000000009895302
0.010000000009895302
0.010000000009895302
0.010000000009895302
0.010000000009895302
dpll 20
0.010000000009895302
0.010000000009895302
0.010000000009895302
0.010000000009895302
0.010000000009895302
0.010000000009895302
0.010000000009895302
0.010000000009895302
0.010000000009895302
0.010000000009895302
0.010000000009895302
0.010000000009895302
0.010000000009895302
0.010000000009895302
0.010000000009895302
0.010000000009895302
0.010000000009895302
0.010000000009895302
0.010000000009895302
0.010000000009895302
