normal 20
0.010000000000436557
0.010000000000436557
0.010000000000436557
0.010000000000436557
0.010000000000436557
0.010000000000436557
0.010000000000436557
0.010000000000436557
0.010000000000436557
0.010000000000436557
0.010000000000436557
0.010000000000436557
0.010000000000436557
0.010000000000436557
0.010000000000436557
0.010000000000436557
0.010000000000436557
0.010000000000436557
0.010000000000436557
0.010000000000436557
dpll 20
0.010000000000436557
0.010000000000436557
0.010000000000436557
0.010000000000436557
0.010000000000436557
0.010000000000436557
0.010000000000436557
0.010000000000436557
0.010000000000436557
0.010000000000436557
0.010000000000436557
0.010000000000436557
0.010000000000436557
0.010000000000436557
0.010000000000436557
0.010000000000436557
0.010000000000436557
0.010000000000436557
0.010000000000436557
0.010000000000436557
