normal 20
0.00999999999989086
0.00999999999989086
0.00999999999989086
0.00999999999989086
0.00999999999989086
0.00999999999989086
0.00999999999989086
0.00999999999989086
0.00999999999989086
0.00999999999989086
0.00999999999989086
0.00999999999989086
0.00999999999989086
0.00999999999989086
0.00999999999989086
0.00999999999989086
0.00999999999989086
0.00999999999989086
0.00999999999989086
0.00999999999989086
dpll 20
0.00999999999989086
0.00999999999989086
0.00999999999989086
0.00999999999989086
0.00999999999989086
0.00999999999989086
0.00999999999989086
0.00999999999989086
0.00999999999989086
0.00999999999989086
0.00999999999989086
0.00999999999989086
0.00999999999989086
0.00999999999989086
0.00999999999989086
0.00999999999989086
0.00999999999989086
0.00999999999989086
0.00999999999989086
0.00999999999989086
